num_nodes,                        8
num_clusters,                    11
num_drone,                        2
num_lockers,                      1
v_truck(km/h),                   24
v_drone(km/h),                   40
max_fly_distance(km),            24
max_working_time(hour),           3
capacity_drone(kg),            2.27
time_swap_battery(hour),       0.05
time_service(hour),            0.15
truck_cost_factor,             1.81
drone_cost_factor,              0.1
discount_cost_factor,             1
---------- nodes -------------
nodeID    capacity  chargeStation    euclid_dist
     0           0              0           0.00
     1          12              1           6.64
     2           1              0           6.30
     3           1              0          13.74
     4           1              0           1.99
     5           1              0          14.55
     6           1              0          10.00
     7           1              0           3.80
     8           1              0          10.10
---------- clusters -------------
   #         w                   node(s)              discount(s)
   0       4.7                        2                        0
   1       1.0                        3                        0
   2       0.7                        4                        0
   3       4.1                        5                        0
   4       1.1                        6                        0
   5       0.7                        7                        0
   6       0.6                        8                        0
   7       0.4                        1                        0
   8       0.3                        1                        0
   9       0.5                        1                        0
  10       2.7                        1                        0
---------- truck distance matrix -------------
             0      1      2      3      4      5      6      7      8
      0   0.00   8.10   7.76  19.82   2.53  19.30  13.40   5.05  14.19
      1   8.10   0.00   0.35  11.72   5.60  11.20   5.30  12.45   6.09
      2   7.76   0.35   0.00  12.07   5.25  11.55   5.65  12.80   6.44
      3  19.82  11.72  12.07   0.00  17.32   3.20   9.55  24.17   6.37
      4   2.53   5.60   5.25  17.32   0.00  16.80  10.90   7.58  11.69
      5  19.30  11.20  11.55   3.20  16.80   0.00  10.10  23.65   8.00
      6  13.40   5.30   5.65   9.55  10.90  10.10   0.00  17.75   3.92
      7   5.05  12.45  12.80  24.17   7.58  23.65  17.75   0.00  18.54
      8  14.19   6.09   6.44   6.37  11.69   8.00   3.92  18.54   0.00
