num_nodes,                       19
num_clusters,                    22
num_drone,                        3
num_lockers,                      4
v_truck(km/h),                   24
v_drone(km/h),                   40
max_fly_distance(km),            24
max_working_time(hour),           3
capacity_drone(kg),            2.27
time_swap_battery(hour),       0.05
time_service(hour),            0.15
truck_cost_factor,             1.81
drone_cost_factor,              0.1
discount_cost_factor,             1
---------- nodes -------------
nodeID    capacity  chargeStation    euclid_dist
     0           0              0           0.00
     1           7              1           2.71
     2           7              1          13.14
     3           7              1          14.40
     4           7              1          18.85
     5           1              0          14.12
     6           1              0           0.72
     7           1              0           5.49
     8           1              0           2.12
     9           1              0           5.25
    10           1              0          12.90
    11           1              0          17.37
    12           1              0           4.43
    13           1              0           4.43
    14           1              0          13.16
    15           1              0           4.43
    16           1              0           4.43
    17           1              0           1.49
    18           1              0          17.41
    19           1              0           2.36
---------- clusters -------------
   #         w                   node(s)              discount(s)
   0       0.3                    5 3 4                    0 2 2
   1       2.0                        6                        0
   2       0.2                      7 4                      0 2
   3       0.7                        8                        0
   4       0.2                        9                        0
   5       1.0                     10 1                      0 2
   6       1.3                   11 1 4                    0 2 2
   7       0.6                   12 1 3                    0 2 2
   8       0.5                       13                        0
   9       0.8                     14 4                      0 2
  10       1.8                   15 1 3                    0 2 2
  11       2.6                       16                        0
  12       0.5                     17 2                      0 2
  13       0.6                     18 4                      0 2
  14       1.7                   19 1 3                    0 2 2
  15       1.5                        1                        0
  16       1.6                  4 1 2 3                  0 2 2 2
  17       0.7                    4 2 3                    0 2 2
  18       1.4                    3 1 4                    0 2 2
  19       0.3                      1 2                      0 2
  20       2.9                        1                        0
  21       0.7                        2                        0
---------- truck distance matrix -------------
             0      1      2      3      4      5      6      7      8      9     10     11     12     13     14     15     16     17     18     19
      0   0.00   5.00  17.50  29.00  27.00  28.50   6.00   8.00   6.50   7.00  30.00  25.00   7.50   7.50  29.50   9.00   7.50   3.00  28.00   4.50
      1   5.00   0.00  14.00  25.50  23.50  25.00   6.00   5.50   6.50   4.50  26.50  21.50   3.50   3.50  26.00   8.00   3.50   4.00  24.50   4.50
      2  17.50  14.00   0.00  11.50   9.50  11.00  17.50  11.50  18.00  11.50  12.50   7.50  11.00  11.00  12.00  18.50  11.00  16.00  10.50  16.50
      3  29.00  25.50  11.50   0.00   7.00   1.00  29.00  23.00  29.50  23.00   3.00   5.00  22.50  22.50   2.50  30.00  22.50  27.50   8.00  28.00
      4  27.00  23.50   9.50   7.00   0.00   7.50  27.00  21.00  27.50  21.00   9.50   2.00  20.50  20.50   9.00  28.00  20.50  25.50   3.00  26.00
      5  28.50  25.00  11.00   1.00   7.50   0.00  28.50  22.50  29.00  22.50   3.00   5.50  22.00  22.00   2.50  29.50  22.00  27.00   8.50  27.50
      6   6.00   6.00  17.50  29.00  27.00  28.50   0.00   8.00   2.50   7.00  30.00  25.00   7.50   7.50  29.50  13.00   7.50   7.00  28.00   8.50
      7   8.00   5.50  11.50  23.00  21.00  22.50   8.00   0.00   8.50   1.00  24.00  19.00   4.50   4.50  23.50  13.00   4.50   9.00  22.00  10.00
      8   6.50   6.50  18.00  29.50  27.50  29.00   2.50   8.50   0.00   7.50  30.50  25.50   8.00   8.00  30.00  13.50   8.00   7.50  28.50   9.00
      9   7.00   4.50  11.50  23.00  21.00  22.50   7.00   1.00   7.50   0.00  24.00  19.00   3.50   3.50  23.50  12.00   3.50   8.00  22.00   9.00
     10  30.00  26.50  12.50   3.00   9.50   3.00  30.00  24.00  30.50  24.00   0.00   7.50  23.50  23.50   0.50  31.00  23.50  28.50  10.50  29.00
     11  25.00  21.50   7.50   5.00   2.00   5.50  25.00  19.00  25.50  19.00   7.50   0.00  18.50  18.50   7.00  26.00  18.50  23.50   3.00  24.00
     12   7.50   3.50  11.00  22.50  20.50  22.00   7.50   4.50   8.00   3.50  23.50  18.50   0.00   0.00  23.00   8.50   0.00   6.00  21.50   6.50
     13   7.50   3.50  11.00  22.50  20.50  22.00   7.50   4.50   8.00   3.50  23.50  18.50   0.00   0.00  23.00   8.50   0.00   6.00  21.50   6.50
     14  29.50  26.00  12.00   2.50   9.00   2.50  29.50  23.50  30.00  23.50   0.50   7.00  23.00  23.00   0.00  30.50  23.00  28.00  10.00  28.50
     15   9.00   8.00  18.50  30.00  28.00  29.50  13.00  13.00  13.50  12.00  31.00  26.00   8.50   8.50  30.50   0.00   8.50   6.00  29.00   4.50
     16   7.50   3.50  11.00  22.50  20.50  22.00   7.50   4.50   8.00   3.50  23.50  18.50   0.00   0.00  23.00   8.50   0.00   6.00  21.50   6.50
     17   3.00   4.00  16.00  27.50  25.50  27.00   7.00   9.00   7.50   8.00  28.50  23.50   6.00   6.00  28.00   6.00   6.00   0.00  26.50   1.50
     18  28.00  24.50  10.50   8.00   3.00   8.50  28.00  22.00  28.50  22.00  10.50   3.00  21.50  21.50  10.00  29.00  21.50  26.50   0.00  27.00
     19   4.50   4.50  16.50  28.00  26.00  27.50   8.50  10.00   9.00   9.00  29.00  24.00   6.50   6.50  28.50   4.50   6.50   1.50  27.00   0.00
