num_nodes,                       20
num_clusters,                    24
num_drone,                        2
num_lockers,                      4
v_truck(km/h),                   24
v_drone(km/h),                   40
max_fly_distance(km),            24
max_working_time(hour),           3
capacity_drone(kg),            2.27
time_swap_battery(hour),       0.05
time_service(hour),            0.15
truck_cost_factor,             1.81
drone_cost_factor,              0.1
discount_cost_factor,             1
---------- nodes -------------
nodeID    capacity  chargeStation    euclid_dist
     0           0              0           0.00
     1           9              1           2.96
     2           7              1           9.58
     3           8              1          14.34
     4           9              1          12.11
     5           1              0           4.58
     6           1              0           2.56
     7           1              0          13.58
     8           1              0           4.32
     9           1              0           9.22
    10           1              0           1.84
    11           1              0           6.51
    12           1              0           1.57
    13           1              0          11.88
    14           1              0           4.43
    15           1              0           0.14
    16           1              0           4.34
    17           1              0           2.56
    18           1              0           3.04
    19           1              0          11.58
    20           1              0           4.73
---------- clusters -------------
   #         w                   node(s)              discount(s)
   0       1.9                      5 1                      0 1
   1       1.0                        6                        0
   2       0.7                      7 4                      0 2
   3       1.6                        8                        0
   4       1.3                        9                        0
   5       0.9                   10 1 3                    0 1 3
   6       1.2                   11 1 4                    0 1 2
   7       2.3                   12 1 4                    0 1 4
   8       0.4                       13                        0
   9       1.0                     14 3                      0 4
  10       0.2                   15 1 4                    0 1 4
  11       1.4                       16                        0
  12       0.8                   17 1 4                    0 1 3
  13       0.9                       18                        0
  14       0.2                       19                        0
  15       0.3                   20 1 2                    0 1 2
  16       0.2                        4                        0
  17       0.6                        2                        0
  18       1.1                    1 2 4                    0 3 3
  19       2.9                        2                        0
  20       1.3                    4 1 3                    0 3 1
  21       1.7                      4 3                      0 1
  22       2.7                        2                        0
  23       0.3                  3 1 2 4                  0 3 2 1
---------- truck distance matrix -------------
             0      1      2      3      4      5      6      7      8      9     10     11     12     13     14     15     16     17     18     19     20
      0   0.00   4.50  18.00  19.00  18.50   6.00   4.50  22.00   7.50  15.50   3.00   9.50   2.50  17.50   7.00   0.50   6.50   4.50   4.50  16.50   7.00
      1   4.50   0.00  14.00  15.00  14.50   3.50   1.50  18.00   3.50  11.50   1.50   5.50   3.00  13.50   6.00   4.00   2.00   1.50   0.50  12.50   2.50
      2  18.00  14.00   0.00  10.00   9.50  15.00  15.50  16.00  13.00   9.50  15.50   8.50  17.00   8.50  18.00  17.50  12.50  15.50  13.50   7.50  12.00
      3  19.00  15.00  10.00   0.00   5.50  16.00  16.50  15.50  14.00   9.50  16.50   9.50  18.00   5.00  19.00  18.50  13.50  16.50  14.50   4.50  13.00
      4  18.50  14.50   9.50   5.50   0.00  15.50  16.00  10.00  13.50   4.00  16.00   9.00  17.50   1.00  18.50  18.00  13.00  16.00  14.00   2.00  12.50
      5   6.00   3.50  15.00  16.00  15.50   0.00   5.00  19.00   7.00  12.50   5.00   6.50   6.50  14.50   6.00   5.50   5.50   5.00   3.00  13.50   6.00
      6   4.50   1.50  15.50  16.50  16.00   5.00   0.00  19.50   3.50  13.00   1.50   7.00   3.50  15.00   7.50   4.00   3.50   0.00   2.00  14.00   3.50
      7  22.00  18.00  16.00  15.50  10.00  19.00  19.50   0.00  17.00   6.50  19.50  12.50  21.00  11.00  22.00  21.50  16.50  19.50  17.50  12.00  16.00
      8   7.50   3.50  13.00  14.00  13.50   7.00   3.50  17.00   0.00  10.50   4.50   6.50   6.00  12.50   9.50   7.00   1.50   3.50   4.00  11.50   1.00
      9  15.50  11.50   9.50   9.50   4.00  12.50  13.00   6.50  10.50   0.00  13.00   6.00  14.50   5.00  15.50  15.00  10.00  13.00  11.00   6.00   9.50
     10   3.00   1.50  15.50  16.50  16.00   5.00   1.50  19.50   4.50  13.00   0.00   7.00   2.50  15.00   7.50   2.50   3.50   1.50   2.00  14.00   4.00
     11   9.50   5.50   8.50   9.50   9.00   6.50   7.00  12.50   6.50   6.00   7.00   0.00   8.50   8.00   9.50   9.00   6.00   7.00   5.00   7.00   5.50
     12   2.50   3.00  17.00  18.00  17.50   6.50   3.50  21.00   6.00  14.50   2.50   8.50   0.00  16.50   9.00   3.00   5.00   3.50   3.50  15.50   5.50
     13  17.50  13.50   8.50   5.00   1.00  14.50  15.00  11.00  12.50   5.00  15.00   8.00  16.50   0.00  17.50  17.00  12.00  15.00  13.00   1.00  11.50
     14   7.00   6.00  18.00  19.00  18.50   6.00   7.50  22.00   9.50  15.50   7.50   9.50   9.00  17.50   0.00   6.50   8.00   7.50   5.50  16.50   8.50
     15   0.50   4.00  17.50  18.50  18.00   5.50   4.00  21.50   7.00  15.00   2.50   9.00   3.00  17.00   6.50   0.00   6.00   4.00   4.00  16.00   6.50
     16   6.50   2.00  12.50  13.50  13.00   5.50   3.50  16.50   1.50  10.00   3.50   6.00   5.00  12.00   8.00   6.00   0.00   3.50   2.50  11.00   0.50
     17   4.50   1.50  15.50  16.50  16.00   5.00   0.00  19.50   3.50  13.00   1.50   7.00   3.50  15.00   7.50   4.00   3.50   0.00   2.00  14.00   3.50
     18   4.50   0.50  13.50  14.50  14.00   3.00   2.00  17.50   4.00  11.00   2.00   5.00   3.50  13.00   5.50   4.00   2.50   2.00   0.00  12.00   3.00
     19  16.50  12.50   7.50   4.50   2.00  13.50  14.00  12.00  11.50   6.00  14.00   7.00  15.50   1.00  16.50  16.00  11.00  14.00  12.00   0.00  10.50
     20   7.00   2.50  12.00  13.00  12.50   6.00   3.50  16.00   1.00   9.50   4.00   5.50   5.50  11.50   8.50   6.50   0.50   3.50   3.00  10.50   0.00
