num_nodes,                       22
num_clusters,                    27
num_drone,                        2
num_lockers,                      4
v_truck(km/h),                   24
v_drone(km/h),                   40
max_fly_distance(km),            24
max_working_time(hour),           3
capacity_drone(kg),            2.27
time_swap_battery(hour),       0.05
time_service(hour),            0.15
truck_cost_factor,             1.81
drone_cost_factor,              0.1
discount_cost_factor,             1
---------- nodes -------------
nodeID    capacity  chargeStation    euclid_dist
     0           0              0           0.00
     1           8              1           9.76
     2           8              1           4.81
     3           8              1           1.78
     4           8              1           6.52
     5           1              0           5.22
     6           1              0          11.79
     7           1              0           6.86
     8           1              0           8.92
     9           1              0           1.79
    10           1              0           6.75
    11           1              0          10.91
    12           1              0           2.46
    13           1              0           6.42
    14           1              0           4.19
    15           1              0           8.80
    16           1              0           6.86
    17           1              0           5.67
    18           1              0           8.69
    19           1              0           2.90
    20           1              0           1.00
    21           1              0          10.81
    22           1              0           3.33
---------- clusters -------------
   #         w                   node(s)              discount(s)
   0       0.4                      5 4                      0 1
   1       0.2                      6 1                      0 1
   2       1.4                      7 4                      0 2
   3       0.3                    8 3 4                    0 4 4
   4       0.2                    9 2 3                    0 2 1
   5       0.2                     10 4                      0 1
   6       1.9                     11 1                      0 1
   7       0.2                     12 3                      0 1
   8       3.9                   13 1 4                    0 3 1
   9       0.4                   14 1 2                    0 2 1
  10       0.3                   15 1 2                    0 1 1
  11       0.3                 16 1 2 4                  0 1 1 2
  12       0.5                   17 1 2                    0 2 1
  13       0.2                     18 2                      0 2
  14       1.9                     19 2                      0 1
  15       1.7                   20 3 4                    0 1 2
  16       0.7                   21 3 4                    0 4 3
  17       1.1                   22 2 3                    0 1 2
  18       1.7                  1 2 3 4                  0 1 3 3
  19       3.2                      2 4                      0 2
  20       1.1                      3 4                      0 1
  21       0.2                  1 2 3 4                  0 1 3 3
  22       0.3                    1 2 4                    0 1 3
  23       0.2                    2 1 4                    0 1 2
  24       0.2                      1 4                      0 3
  25       0.2                  1 2 3 4                  0 1 3 3
  26       1.2                    2 1 3                    0 1 2
---------- truck distance matrix -------------
             0      1      2      3      4      5      6      7      8      9     10     11     12     13     14     15     16     17     18     19     20     21     22
      0   0.00  16.50  11.50   2.50   9.50   9.00  20.50  12.50  21.00   2.50  12.00  20.00   3.50  10.50  11.50  17.00  14.50  13.00  20.50   8.00   1.50  19.50   8.50
      1  16.50   0.00   6.50  16.00  14.00  16.50   5.50  20.00  15.50  16.50  19.50   3.50  17.50  15.00   7.50   4.00   4.00   9.50  15.00   9.00  18.00   6.00   8.00
      2  11.50   6.50   0.00  11.00   9.00  11.50   9.00  15.00   9.50  11.50  14.50  10.00  12.50  10.00   1.00   5.50   4.50   5.00   9.00   4.00  13.00   8.00   3.00
      3   2.50  16.00  11.00   0.00   7.00   6.50  20.00  10.00  20.50   0.50   9.50  19.50   1.50   8.00  11.00  16.50  14.00  12.50  20.00   7.50   4.00  19.00   8.00
      4   9.50  14.00   9.00   7.00   0.00   4.50  18.00   8.00  18.50   7.50   5.50  17.50   8.50   1.00   9.00  14.50  12.00  10.50  18.00   5.50  11.00  17.00   6.00
      5   9.00  16.50  11.50   6.50   4.50   0.00  20.50   3.50  21.00   7.00   3.00  20.00   8.00   3.50  11.50  17.00  14.50  13.00  20.50   8.00  10.50  19.50   8.50
      6  20.50   5.50   9.00  20.00  18.00  20.50   0.00  24.00  16.00  20.50  23.50   9.00  21.50  19.00  10.00   3.50   9.50  14.00  15.50  13.00  22.00   5.50  12.00
      7  12.50  20.00  15.00  10.00   8.00   3.50  24.00   0.00  24.50  10.50   2.50  23.50  11.50   7.00  15.00  20.50  18.00  16.50  24.00  11.50  14.00  23.00  12.00
      8  21.00  15.50   9.50  20.50  18.50  21.00  16.00  24.50   0.00  21.00  24.00  19.00  22.00  19.50  10.50  12.50  13.50  14.50   0.50  13.50  22.50  14.50  12.50
      9   2.50  16.50  11.50   0.50   7.50   7.00  20.50  10.50  21.00   0.00  10.00  20.00   1.00   8.50  11.50  17.00  14.50  13.00  20.50   8.00   4.00  19.50   8.50
     10  12.00  19.50  14.50   9.50   5.50   3.00  23.50   2.50  24.00  10.00   0.00  23.00  11.00   4.50  14.50  20.00  17.50  16.00  23.50  11.00  13.50  22.50  11.50
     11  20.00   3.50  10.00  19.50  17.50  20.00   9.00  23.50  19.00  20.00  23.00   0.00  21.00  18.50  11.00   7.50   7.50  13.00  18.50  12.50  21.50   9.50  11.50
     12   3.50  17.50  12.50   1.50   8.50   8.00  21.50  11.50  22.00   1.00  11.00  21.00   0.00   9.50  12.50  18.00  15.50  14.00  21.50   9.00   5.00  20.50   9.50
     13  10.50  15.00  10.00   8.00   1.00   3.50  19.00   7.00  19.50   8.50   4.50  18.50   9.50   0.00  10.00  15.50  13.00  11.50  19.00   6.50  12.00  18.00   7.00
     14  11.50   7.50   1.00  11.00   9.00  11.50  10.00  15.00  10.50  11.50  14.50  11.00  12.50  10.00   0.00   6.50   5.50   5.50  10.00   4.00  13.00   9.00   3.00
     15  17.00   4.00   5.50  16.50  14.50  17.00   3.50  20.50  12.50  17.00  20.00   7.50  18.00  15.50   6.50   0.00   7.00  10.50  12.00   9.50  18.50   3.00   8.50
     16  14.50   4.00   4.50  14.00  12.00  14.50   9.50  18.00  13.50  14.50  17.50   7.50  15.50  13.00   5.50   7.00   0.00   7.50  13.00   7.00  16.00   9.00   6.00
     17  13.00   9.50   5.00  12.50  10.50  13.00  14.00  16.50  14.50  13.00  16.00  13.00  14.00  11.50   5.50  10.50   7.50   0.00  14.00   5.50  14.50  13.00   4.50
     18  20.50  15.00   9.00  20.00  18.00  20.50  15.50  24.00   0.50  20.50  23.50  18.50  21.50  19.00  10.00  12.00  13.00  14.00   0.00  13.00  22.00  14.00  12.00
     19   8.00   9.00   4.00   7.50   5.50   8.00  13.00  11.50  13.50   8.00  11.00  12.50   9.00   6.50   4.00   9.50   7.00   5.50  13.00   0.00   9.50  12.00   1.50
     20   1.50  18.00  13.00   4.00  11.00  10.50  22.00  14.00  22.50   4.00  13.50  21.50   5.00  12.00  13.00  18.50  16.00  14.50  22.00   9.50   0.00  21.00  10.00
     21  19.50   6.00   8.00  19.00  17.00  19.50   5.50  23.00  14.50  19.50  22.50   9.50  20.50  18.00   9.00   3.00   9.00  13.00  14.00  12.00  21.00   0.00  11.00
     22   8.50   8.00   3.00   8.00   6.00   8.50  12.00  12.00  12.50   8.50  11.50  11.50   9.50   7.00   3.00   8.50   6.00   4.50  12.00   1.50  10.00  11.00   0.00
