num_nodes,                       23
num_clusters,                    28
num_drone,                        3
num_lockers,                      4
v_truck(km/h),                   24
v_drone(km/h),                   40
max_fly_distance(km),            24
max_working_time(hour),           4
capacity_drone(kg),            2.27
time_swap_battery(hour),       0.05
time_service(hour),            0.15
truck_cost_factor,             1.81
drone_cost_factor,              0.1
discount_cost_factor,             1
---------- nodes -------------
nodeID    capacity  chargeStation    euclid_dist
     0           0              0           0.00
     1           7              1           7.20
     2           7              1          10.53
     3           7              1           1.82
     4           7              1           7.10
     5           1              0           7.09
     6           1              0           8.88
     7           1              0           9.55
     8           1              0           3.18
     9           1              0           4.77
    10           1              0           9.32
    11           1              0           5.28
    12           1              0           0.49
    13           1              0          10.70
    14           1              0          10.01
    15           1              0           8.33
    16           1              0          15.11
    17           1              0           2.25
    18           1              0          10.27
    19           1              0           9.94
    20           1              0           9.18
    21           1              0           6.58
    22           1              0           8.59
    23           1              0           7.87
---------- clusters -------------
   #         w                   node(s)              discount(s)
   0       1.9                    5 1 2                    0 3 1
   1       2.9                      6 2                      0 1
   2       0.6                      7 2                      0 1
   3       1.2                      8 4                      0 2
   4       0.4                      9 3                      0 1
   5       0.2                   10 1 4                    0 3 1
   6       0.2                   11 2 4                    0 3 1
   7       0.9                   12 2 3                    0 4 1
   8       0.2                     13 2                      0 1
   9       1.6                   14 2 4                    0 1 4
  10       0.2                     15 4                      0 1
  11       0.3                   16 1 3                    0 2 4
  12       0.2                     17 1                      0 2
  13       1.7                     18 2                      0 1
  14       0.3                   19 3 4                    0 2 1
  15       0.8                     20 4                      0 2
  16       0.7                     21 1                      0 2
  17       0.8                     22 2                      0 1
  18       0.2                     23 4                      0 1
  19       3.1                  1 2 3 4                  0 2 3 3
  20       0.6                      4 3                      0 2
  21       0.2                  1 2 3 4                  0 2 3 3
  22       0.2                    2 1 3                    0 2 3
  23       2.3                      2 1                      0 2
  24       0.8                  2 1 3 4                  0 2 3 4
  25       0.2                  4 1 2 3                  0 3 4 2
  26       1.1                      2 1                      0 2
  27       0.3                      4 3                      0 2
---------- truck distance matrix -------------
             0      1      2      3      4      5      6      7      8      9     10     11     12     13     14     15     16     17     18     19     20     21     22     23
      0   0.00  15.50  19.00   2.50  11.50  20.50  17.00  19.50   4.00   8.50  14.00   7.50   2.00  20.50  19.50  12.00  25.00   3.00  18.50  15.00  13.00  10.00  16.50  12.50
      1  15.50   0.00  12.50  13.00  14.00  14.00  10.50  13.00  11.50  17.00  15.50  13.50  16.00  14.00  13.00  17.50   9.50  12.50  12.00  18.50  18.50  11.50  10.00  14.00
      2  19.00  12.50   0.00  16.50  17.50   6.00   2.50   3.00  15.00  20.50  19.00  17.00  19.50   1.50   1.50  21.00  22.00  16.00   2.50  22.00  22.00  15.00   3.00  17.50
      3   2.50  13.00  16.50   0.00   9.00  18.00  14.50  17.00   1.50   6.00  11.50   5.00   3.00  18.00  17.00   9.50  22.50   0.50  16.00  12.50  10.50   7.50  14.00  10.00
      4  11.50  14.00  17.50   9.00   0.00  19.00  15.50  18.00   7.50   8.50   3.50   4.50  12.00  19.00  18.00   7.00  23.50   8.50  17.00   5.00   8.00   2.50  15.00   2.00
      5  20.50  14.00   6.00  18.00  19.00   0.00   3.50   4.50  16.50  22.00  20.50  18.50  21.00   6.00   5.50  22.50  23.50  17.50   8.00  23.50  23.50  16.50   4.00  19.00
      6  17.00  10.50   2.50  14.50  15.50   3.50   0.00   2.50  13.00  18.50  17.00  15.00  17.50   3.50   2.50  19.00  20.00  14.00   4.50  20.00  20.00  13.00   0.50  15.50
      7  19.50  13.00   3.00  17.00  18.00   4.50   2.50   0.00  15.50  21.00  19.50  17.50  20.00   1.50   1.50  21.50  22.50  16.50   5.50  22.50  22.50  15.50   3.00  18.00
      8   4.00  11.50  15.00   1.50   7.50  16.50  13.00  15.50   0.00   5.50  10.00   4.50   4.50  16.50  15.50   9.00  21.00   1.00  14.50  11.50  10.00   6.00  12.50   8.50
      9   8.50  17.00  20.50   6.00   8.50  22.00  18.50  21.00   5.50   0.00  12.00   4.00   9.00  22.00  21.00   6.50  26.50   5.50  20.00   9.50   7.50  11.00  18.00  10.50
     10  14.00  15.50  19.00  11.50   3.50  20.50  17.00  19.50  10.00  12.00   0.00   8.00  14.50  20.50  19.50  10.50  25.00  11.00  18.50   6.50  11.50   4.00  16.50   1.50
     11   7.50  13.50  17.00   5.00   4.50  18.50  15.00  17.50   4.50   4.00   8.00   0.00   8.00  18.50  17.50   5.00  23.00   4.50  16.50   8.00   6.00   7.00  14.50   6.50
     12   2.00  16.00  19.50   3.00  12.00  21.00  17.50  20.00   4.50   9.00  14.50   8.00   0.00  21.00  20.00  12.50  25.50   3.50  19.00  15.50  13.50  10.50  17.00  13.00
     13  20.50  14.00   1.50  18.00  19.00   6.00   3.50   1.50  16.50  22.00  20.50  18.50  21.00   0.00   1.00  22.50  23.50  17.50   4.00  23.50  23.50  16.50   4.00  19.00
     14  19.50  13.00   1.50  17.00  18.00   5.50   2.50   1.50  15.50  21.00  19.50  17.50  20.00   1.00   0.00  21.50  22.50  16.50   4.00  22.50  22.50  15.50   3.00  18.00
     15  12.00  17.50  21.00   9.50   7.00  22.50  19.00  21.50   9.00   6.50  10.50   5.00  12.50  22.50  21.50   0.00  27.00   9.00  20.50   7.00   1.00   9.50  18.50   9.00
     16  25.00   9.50  22.00  22.50  23.50  23.50  20.00  22.50  21.00  26.50  25.00  23.00  25.50  23.50  22.50  27.00   0.00  22.00  21.50  28.00  28.00  21.00  19.50  23.50
     17   3.00  12.50  16.00   0.50   8.50  17.50  14.00  16.50   1.00   5.50  11.00   4.50   3.50  17.50  16.50   9.00  22.00   0.00  15.50  12.00  10.00   7.00  13.50   9.50
     18  18.50  12.00   2.50  16.00  17.00   8.00   4.50   5.50  14.50  20.00  18.50  16.50  19.00   4.00   4.00  20.50  21.50  15.50   0.00  21.50  21.50  14.50   4.00  17.00
     19  15.00  18.50  22.00  12.50   5.00  23.50  20.00  22.50  11.50   9.50   6.50   8.00  15.50  23.50  22.50   7.00  28.00  12.00  21.50   0.00   8.00   7.00  19.50   6.00
     20  13.00  18.50  22.00  10.50   8.00  23.50  20.00  22.50  10.00   7.50  11.50   6.00  13.50  23.50  22.50   1.00  28.00  10.00  21.50   8.00   0.00  10.50  19.50  10.00
     21  10.00  11.50  15.00   7.50   2.50  16.50  13.00  15.50   6.00  11.00   4.00   7.00  10.50  16.50  15.50   9.50  21.00   7.00  14.50   7.00  10.50   0.00  12.50   2.50
     22  16.50  10.00   3.00  14.00  15.00   4.00   0.50   3.00  12.50  18.00  16.50  14.50  17.00   4.00   3.00  18.50  19.50  13.50   4.00  19.50  19.50  12.50   0.00  15.00
     23  12.50  14.00  17.50  10.00   2.00  19.00  15.50  18.00   8.50  10.50   1.50   6.50  13.00  19.00  18.00   9.00  23.50   9.50  17.00   6.00  10.00   2.50  15.00   0.00
