num_nodes,                       24
num_clusters,                    29
num_drone,                        2
num_lockers,                      4
v_truck(km/h),                   24
v_drone(km/h),                   40
max_fly_distance(km),            24
max_working_time(hour),           4
capacity_drone(kg),            2.27
time_swap_battery(hour),       0.05
time_service(hour),            0.15
truck_cost_factor,             1.81
drone_cost_factor,              0.1
discount_cost_factor,             1
---------- nodes -------------
nodeID    capacity  chargeStation    euclid_dist
     0           0              0           0.00
     1           9              1           1.02
     2           9              1           6.43
     3           9              1          14.84
     4           9              1           7.20
     5           1              0           6.79
     6           1              0           5.65
     7           1              0           3.38
     8           1              0          12.99
     9           1              0           7.39
    10           1              0           2.38
    11           1              0           3.36
    12           1              0           4.82
    13           1              0          16.91
    14           1              0          12.53
    15           1              0           5.31
    16           1              0           3.99
    17           1              0           4.36
    18           1              0          12.89
    19           1              0           8.34
    20           1              0           2.49
    21           1              0           8.99
    22           1              0           8.55
    23           1              0          17.38
    24           1              0           4.76
---------- clusters -------------
   #         w                   node(s)              discount(s)
   0       2.6                    5 3 4                    0 2 2
   1       0.7                      6 4                      0 2
   2       0.9                    7 1 3                    0 2 2
   3       0.2                      8 4                      0 2
   4       3.4                      9 4                      0 2
   5       2.0                     10 1                      0 2
   6       0.3                     11 1                      0 2
   7       0.4                   12 2 3                    0 2 2
   8       0.2                     13 2                      0 2
   9       0.3                   14 1 3                    0 2 2
  10       1.3                   15 1 2                    0 2 2
  11       3.2                   16 1 2                    0 2 2
  12       2.5                   17 1 4                    0 2 2
  13       0.3                   18 3 4                    0 2 2
  14       0.7                   19 2 3                    0 2 2
  15       0.7                     20 1                      0 2
  16       0.6                     21 2                      0 2
  17       0.2                   22 1 4                    0 2 2
  18       0.4                   23 3 4                    0 2 2
  19       0.2                     24 2                      0 2
  20       1.6                  3 1 2 4                  0 2 2 2
  21       0.2                  3 1 2 4                  0 2 2 2
  22       0.4                      1 2                      0 2
  23       1.4                      4 1                      0 2
  24       2.9                  2 1 3 4                  0 2 2 2
  25       0.3                    3 2 4                    0 2 2
  26       0.2                    4 2 3                    0 2 2
  27       0.7                  4 1 2 3                  0 2 2 2
  28       3.3                  1 2 3 4                  0 2 2 2
---------- truck distance matrix -------------
             0      1      2      3      4      5      6      7      8      9     10     11     12     13     14     15     16     17     18     19     20     21     22     23     24
      0   0.00   2.00   8.00  21.50  10.50  10.00   9.00   5.50  17.50  11.50   4.00   6.50   5.50  24.50  19.50   7.50   7.50   7.00  19.00  10.50   5.00  11.50  12.50  24.50   8.50
      1   2.00   0.00   9.00  22.50  11.50  11.00  10.00   4.50  18.50  12.50   3.00   6.50   6.50  25.50  20.50   8.50   7.50   8.00  20.00  11.50   5.00  12.50  13.50  25.50   9.50
      2   8.00   9.00   0.00  18.50   9.50  10.00  15.50   9.50  15.50  11.50   9.50  14.50   3.50  21.50  14.00   3.00  15.50  15.00  16.00   2.50  13.00   3.50  10.50  21.50   4.50
      3  21.50  22.50  18.50   0.00  11.00  11.50  17.00  27.00   5.50  13.00  25.50  19.50  21.00   3.00   4.50  21.50  18.50  17.50   2.50  20.00  21.00  22.00   9.00   3.00  23.00
      4  10.50  11.50   9.50  11.00   0.00   0.50   6.00  16.00   7.00   2.00  14.50   8.50  12.00  14.00   9.00  12.50   7.50   6.50   8.50  11.00  10.00  13.00   2.00  14.00  14.00
      5  10.00  11.00  10.00  11.50   0.50   0.00   6.00  15.50   7.50   1.50  14.00   8.00  12.50  14.50   9.50  13.00   7.00   6.00   9.00  11.50   9.50  13.50   2.50  14.50  14.50
      6   9.00  10.00  15.50  17.00   6.00   6.00   0.00  14.50  13.00   4.50  13.00   5.00  14.50  20.00  15.00  16.50   4.00   3.00  14.50  17.00   6.50  19.00   8.00  20.00  17.50
      7   5.50   4.50   9.50  27.00  16.00  15.50  14.50   0.00  23.00  17.00   2.50  10.50   7.00  30.00  22.50   9.00  11.50  12.50  24.50  12.00   9.00  13.00  18.00  30.00  10.00
      8  17.50  18.50  15.50   5.50   7.00   7.50  13.00  23.00   0.00   9.00  21.50  15.50  18.00   8.50   4.50  18.50  14.50  13.50   3.50  17.00  17.00  19.00   5.00   8.50  20.00
      9  11.50  12.50  11.50  13.00   2.00   1.50   4.50  17.00   9.00   0.00  15.50   7.50  14.00  16.00  11.00  14.50   6.50   5.50  10.50  13.00   9.00  15.00   4.00  16.00  16.00
     10   4.00   3.00   9.50  25.50  14.50  14.00  13.00   2.50  21.50  15.50   0.00   9.00   7.00  28.50  22.50   9.00  10.00  11.00  23.00  12.00   7.50  13.00  16.50  28.50  10.00
     11   6.50   6.50  14.50  19.50   8.50   8.00   5.00  10.50  15.50   7.50   9.00   0.00  12.00  22.50  17.50  14.00   1.00   2.00  17.00  17.00   1.50  18.00  10.50  22.50  15.00
     12   5.50   6.50   3.50  21.00  12.00  12.50  14.50   7.00  18.00  14.00   7.00  12.00   0.00  24.00  16.50   2.00  13.00  12.50  18.50   6.00  10.50   7.00  13.00  24.00   3.00
     13  24.50  25.50  21.50   3.00  14.00  14.50  20.00  30.00   8.50  16.00  28.50  22.50  24.00   0.00   7.50  24.50  21.50  20.50   5.50  23.00  24.00  25.00  12.00   1.00  26.00
     14  19.50  20.50  14.00   4.50   9.00   9.50  15.00  22.50   4.50  11.00  22.50  17.50  16.50   7.50   0.00  17.00  16.50  15.50   4.00  15.50  19.00  17.50   7.50   7.50  18.50
     15   7.50   8.50   3.00  21.50  12.50  13.00  16.50   9.00  18.50  14.50   9.00  14.00   2.00  24.50  17.00   0.00  15.00  14.50  19.00   5.50  12.50   6.50  13.50  24.50   1.50
     16   7.50   7.50  15.50  18.50   7.50   7.00   4.00  11.50  14.50   6.50  10.00   1.00  13.00  21.50  16.50  15.00   0.00   1.00  16.00  18.00   2.50  19.00   9.50  21.50  16.00
     17   7.00   8.00  15.00  17.50   6.50   6.00   3.00  12.50  13.50   5.50  11.00   2.00  12.50  20.50  15.50  14.50   1.00   0.00  15.00  17.50   3.50  18.50   8.50  20.50  15.50
     18  19.00  20.00  16.00   2.50   8.50   9.00  14.50  24.50   3.50  10.50  23.00  17.00  18.50   5.50   4.00  19.00  16.00  15.00   0.00  17.50  18.50  19.50   6.50   5.50  20.50
     19  10.50  11.50   2.50  20.00  11.00  11.50  17.00  12.00  17.00  13.00  12.00  17.00   6.00  23.00  15.50   5.50  18.00  17.50  17.50   0.00  15.50   2.00  12.00  23.00   7.00
     20   5.00   5.00  13.00  21.00  10.00   9.50   6.50   9.00  17.00   9.00   7.50   1.50  10.50  24.00  19.00  12.50   2.50   3.50  18.50  15.50   0.00  16.50  12.00  24.00  13.50
     21  11.50  12.50   3.50  22.00  13.00  13.50  19.00  13.00  19.00  15.00  13.00  18.00   7.00  25.00  17.50   6.50  19.00  18.50  19.50   2.00  16.50   0.00  14.00  25.00   8.00
     22  12.50  13.50  10.50   9.00   2.00   2.50   8.00  18.00   5.00   4.00  16.50  10.50  13.00  12.00   7.50  13.50   9.50   8.50   6.50  12.00  12.00  14.00   0.00  12.00  15.00
     23  24.50  25.50  21.50   3.00  14.00  14.50  20.00  30.00   8.50  16.00  28.50  22.50  24.00   1.00   7.50  24.50  21.50  20.50   5.50  23.00  24.00  25.00  12.00   0.00  26.00
     24   8.50   9.50   4.50  23.00  14.00  14.50  17.50  10.00  20.00  16.00  10.00  15.00   3.00  26.00  18.50   1.50  16.00  15.50  20.50   7.00  13.50   8.00  15.00  26.00   0.00
