num_nodes,                       27
num_clusters,                    30
num_drone,                        3
num_lockers,                      6
v_truck(km/h),                   24
v_drone(km/h),                   40
max_fly_distance(km),            24
max_working_time(hour),           4
capacity_drone(kg),            2.27
time_swap_battery(hour),       0.05
time_service(hour),            0.15
truck_cost_factor,             1.81
drone_cost_factor,              0.1
discount_cost_factor,             1
---------- nodes -------------
nodeID    capacity  chargeStation    euclid_dist
     0           0              0           0.00
     1           7              1           2.04
     2           7              1           4.74
     3           7              1          14.47
     4           7              1          10.51
     5           7              1          10.10
     6           7              1          11.07
     7           1              0          10.36
     8           1              0           5.71
     9           1              0           3.52
    10           1              0          13.68
    11           1              0           6.13
    12           1              0           8.47
    13           1              0           1.44
    14           1              0           2.19
    15           1              0          11.07
    16           1              0           5.01
    17           1              0          10.98
    18           1              0          14.51
    19           1              0           8.88
    20           1              0          13.33
    21           1              0          13.54
    22           1              0          15.00
    23           1              0           1.75
    24           1              0           4.83
    25           1              0          13.17
    26           1              0          13.01
    27           1              0           8.79
---------- clusters -------------
   #         w                   node(s)              discount(s)
   0       1.9                    7 5 6                    0 1 1
   1       0.2                      8 2                      0 1
   2       0.7                    9 1 6                    0 1 2
   3       1.1                     10 4                      0 1
   4       1.0                 11 2 4 6                  0 1 3 3
   5       0.2                 12 2 4 5                  0 2 2 1
   6       3.9                     13 6                      0 3
   7       0.6                     14 3                      0 3
   8       0.8                   15 3 6                    0 2 0
   9       0.9                 16 2 3 6                  0 1 2 2
  10       0.2                   17 2 4                    0 2 1
  11       0.4                   18 3 6                    0 3 1
  12       3.1                   19 3 6                    0 2 1
  13       0.9                 20 2 4 6                  0 3 2 1
  14       1.2                 21 1 2 6                  0 4 3 1
  15       0.4                 22 1 3 5                  0 3 1 3
  16       0.6                 23 1 4 5                  0 1 2 2
  17       3.3                   24 1 3                    0 1 3
  18       3.2                   25 2 5                    0 3 1
  19       0.2                     26 6                      0 1
  20       0.4                   27 2 4                    0 1 3
  21       0.4                5 1 2 4 6                0 2 2 2 2
  22       0.5                      4 3                      0 1
  23       0.2                1 2 4 5 6                0 1 2 2 3
  24       0.4                  3 2 4 5                  0 3 1 3
  25       1.3                      5 6                      0 2
  26       0.3                      2 1                      0 1
  27       1.1                  1 2 5 6                  0 1 2 3
  28       0.9                5 1 2 4 6                0 2 2 2 2
  29       0.2                      6 3                      0 2
---------- truck distance matrix -------------
             0      1      2      3      4      5      6      7      8      9     10     11     12     13     14     15     16     17     18     19     20     21     22     23     24     25     26     27
      0   0.00   2.50   6.00  17.00  13.50  13.50  16.50  14.50   7.00   4.00  19.50  10.50  12.00   3.50   3.50  16.50   5.50  14.00  21.00  13.00  19.00  20.00  17.50   3.00   7.00  19.00  20.00  12.50
      1   2.50   0.00   3.50  14.50  11.00  11.00  14.00  12.00   4.50   1.50  17.00   8.00   9.50   1.00   3.50  14.00   3.00  11.50  18.50  10.50  16.50  17.50  15.00   4.00   5.00  16.50  17.50  10.00
      2   6.00   3.50   0.00  13.00   9.50   9.50  12.50  10.50   1.00   2.00  15.50   4.50   8.00   4.50   4.00  12.50   1.50  10.00  17.00   9.00  15.00  16.00  13.50   4.50   5.50  15.00  16.00   6.50
      3  17.00  14.50  13.00   0.00   5.50  13.00   9.00  13.00  12.00  13.00  11.50  17.50  11.00  15.50  15.00   9.00  11.50   5.00  14.00   8.50  11.50  12.50   1.00  15.50  16.50  17.00  12.50  19.50
      4  13.50  11.00   9.50   5.50   0.00  10.00   8.00  11.00   8.50   9.50   6.00  14.00   8.00  12.00  11.50   8.00   8.00   2.50  13.00   6.50  10.50  11.50   6.00  12.00  13.00  15.50  11.50  16.00
      5  13.50  11.00   9.50  13.00  10.00   0.00   7.50   1.00  10.50   9.50  16.00  14.00   2.50  12.00  11.50   7.50   8.00  10.50  11.00   6.00  10.00  11.00  13.00  12.00  13.00   5.50  11.00  16.00
      6  16.50  14.00  12.50   9.00   8.00   7.50   0.00   6.50  11.50  12.50  14.00  17.00  10.00  15.00  14.50   0.00  11.00   7.50   5.50   4.50   3.50   3.50   9.00  15.00  16.00  10.50   3.50  19.00
      7  14.50  12.00  10.50  13.00  11.00   1.00   6.50   0.00  11.50  10.50  17.00  15.00   3.50  13.00  12.50   6.50   9.00  11.50  10.00   5.00   9.00  10.00  13.00  13.00  14.00   4.50  10.00  17.00
      8   7.00   4.50   1.00  12.00   8.50  10.50  11.50  11.50   0.00   3.00  14.50   5.50   9.00   5.50   5.00  11.50   2.50   9.00  16.00   8.00  14.00  15.00  12.50   5.50   6.50  16.00  15.00   7.50
      9   4.00   1.50   2.00  13.00   9.50   9.50  12.50  10.50   3.00   0.00  15.50   6.50   8.00   2.50   2.00  12.50   1.50  10.00  17.00   9.00  15.00  16.00  13.50   2.50   3.50  15.00  16.00   8.50
     10  19.50  17.00  15.50  11.50   6.00  16.00  14.00  17.00  14.50  15.50   0.00  20.00  14.00  18.00  17.50  14.00  14.00   8.50  19.00  12.50  16.50  17.50  12.00  18.00  19.00  21.50  17.50  22.00
     11  10.50   8.00   4.50  17.50  14.00  14.00  17.00  15.00   5.50   6.50  20.00   0.00  12.50   9.00   8.00  17.00   6.00  14.50  21.50  13.50  19.50  20.50  18.00   8.00   3.50  19.50  20.50   3.50
     12  12.00   9.50   8.00  11.00   8.00   2.50  10.00   3.50   9.00   8.00  14.00  12.50   0.00  10.50  10.00  10.00   6.50   8.50  13.50   6.50  12.50  13.50  11.00  10.50  11.50   8.00  13.50  14.50
     13   3.50   1.00   4.50  15.50  12.00  12.00  15.00  13.00   5.50   2.50  18.00   9.00  10.50   0.00   4.50  15.00   4.00  12.50  19.50  11.50  17.50  18.50  16.00   5.00   6.00  17.50  18.50  11.00
     14   3.50   3.50   4.00  15.00  11.50  11.50  14.50  12.50   5.00   2.00  17.50   8.00  10.00   4.50   0.00  14.50   3.50  12.00  19.00  11.00  17.00  18.00  15.50   0.50   4.50  17.00  18.00  10.50
     15  16.50  14.00  12.50   9.00   8.00   7.50   0.00   6.50  11.50  12.50  14.00  17.00  10.00  15.00  14.50   0.00  11.00   7.50   5.50   4.50   3.50   3.50   9.00  15.00  16.00  10.50   3.50  19.00
     16   5.50   3.00   1.50  11.50   8.00   8.00  11.00   9.00   2.50   1.50  14.00   6.00   6.50   4.00   3.50  11.00   0.00   8.50  15.50   7.50  13.50  14.50  12.00   4.00   5.00  13.50  14.50   8.00
     17  14.00  11.50  10.00   5.00   2.50  10.50   7.50  11.50   9.00  10.00   8.50  14.50   8.50  12.50  12.00   7.50   8.50   0.00  12.50   7.00  10.00  11.00   5.50  12.50  13.50  15.50  11.00  16.50
     18  21.00  18.50  17.00  14.00  13.00  11.00   5.50  10.00  16.00  17.00  19.00  21.50  13.50  19.50  19.00   5.50  15.50  12.50   0.00   8.00   3.00   9.00  14.00  19.50  20.50  14.00   9.00  23.50
     19  13.00  10.50   9.00   8.50   6.50   6.00   4.50   5.00   8.00   9.00  12.50  13.50   6.50  11.50  11.00   4.50   7.50   7.00   8.00   0.00   7.00   8.00   8.50  11.50  12.50   9.00   8.00  15.50
     20  19.00  16.50  15.00  11.50  10.50  10.00   3.50   9.00  14.00  15.00  16.50  19.50  12.50  17.50  17.00   3.50  13.50  10.00   3.00   7.00   0.00   7.00  11.50  17.50  18.50  13.00   7.00  21.50
     21  20.00  17.50  16.00  12.50  11.50  11.00   3.50  10.00  15.00  16.00  17.50  20.50  13.50  18.50  18.00   3.50  14.50  11.00   9.00   8.00   7.00   0.00  12.50  18.50  19.50  14.00   6.00  22.50
     22  17.50  15.00  13.50   1.00   6.00  13.00   9.00  13.00  12.50  13.50  12.00  18.00  11.00  16.00  15.50   9.00  12.00   5.50  14.00   8.50  11.50  12.50   0.00  16.00  17.00  17.00  12.50  20.00
     23   3.00   4.00   4.50  15.50  12.00  12.00  15.00  13.00   5.50   2.50  18.00   8.00  10.50   5.00   0.50  15.00   4.00  12.50  19.50  11.50  17.50  18.50  16.00   0.00   4.50  17.50  18.50  10.50
     24   7.00   5.00   5.50  16.50  13.00  13.00  16.00  14.00   6.50   3.50  19.00   3.50  11.50   6.00   4.50  16.00   5.00  13.50  20.50  12.50  18.50  19.50  17.00   4.50   0.00  18.50  19.50   6.00
     25  19.00  16.50  15.00  17.00  15.50   5.50  10.50   4.50  16.00  15.00  21.50  19.50   8.00  17.50  17.00  10.50  13.50  15.50  14.00   9.00  13.00  14.00  17.00  17.50  18.50   0.00  14.00  21.50
     26  20.00  17.50  16.00  12.50  11.50  11.00   3.50  10.00  15.00  16.00  17.50  20.50  13.50  18.50  18.00   3.50  14.50  11.00   9.00   8.00   7.00   6.00  12.50  18.50  19.50  14.00   0.00  22.50
     27  12.50  10.00   6.50  19.50  16.00  16.00  19.00  17.00   7.50   8.50  22.00   3.50  14.50  11.00  10.50  19.00   8.00  16.50  23.50  15.50  21.50  22.50  20.00  10.50   6.00  21.50  22.50   0.00
